
function gc = cell_info_typedef_gc()

% gc=[

% melanopsin: very large sparse

gc.gc1ws = [20203 20029];

%

gc.gc1wt = [10018 17109 26022]; 

% melanopsin?

gc.gc1no = [20157 17110 17050 17021 20092 17236 26024 10007];

% 

gc.gc1ni = [20164 17182 20132 26019];

% mini-j. outlier: 17130

gc.gc2an = [17177 20066 20060 17027 15018 17105 15066 10017 10010 17062 50001 20264 20168 20147 17130 20101 20024];

% midi-J. 

gc.gc2aw = [17075 17060 17028 20103 20201 17205 17107 20047 17144 17061 17200 26018]; 

%  

gc.gc2o = [17216 10005 10013 26062 26118];

% 

gc.gc2i = [50004 17013 17092 20051 20234 20082];

% 

gc.gc3o = [17192 17024 17135 20121 17076 17037 26003 26038];

% mini tOffAlpha

gc.gc3i = [20107 17077 26063 26104];

% 

gc.gc4on = [20230 17064 17034 17167 17151 20041 26021];

% 26086

% 

gc.gc4ow = [17188 17079 20156 26004];

% 

gc.gc4i = [25004 17022 20170 17247 20174 17057 26006 26008 26050];

% 26102

% 

gc.gc5to = [20128 20165 20240];

% type5 incomplete: 26025 26037 26039 26040 26042 26053 26054 26083 26085 26098 26112 26120 26123 26136 26151 26152 26154 26156 26170 26177 

% w3:

gc.gc5ti = [17090 17181 50002 20114 20102 20216 20191 20184 20226 20262 17093 17121 17159 20089 17190 17078 17059 20127 20055];

% 

gc.gc5so = [17160 17146 20223 17081 17127 17168 20053 20012 26046 17138 17011];

% 

gc.gc5si = [17040 20135 20183 17071 20070 17055 26044];

% 

gc.gc6sn = [20198 20073 17082 26035 26043];

% 

gc.gc6sw = [20222 20217 17083 20068 26020];

% 

gc.gc6t = [20255 20113 20232];

% onDSgc.gc 

gc.gc7o = [17053 20180 26034 26048 26100 26130];

% onDSgc.gc 

gc.gc7i = [17152 20021 26002 26070 26075 26077 26078 26128 20075];

% on alpha sustained

gc.gc8w = [17111 26001 26071 26079];

% 

gc.gc8n = [20126];

% very wide 

gc.gc9w = [20228];

% 

gc.gc9n = [20112 20076 20056 20006 26074 26127 26149];

% 26168

% w3-like: 

gc.gc51 = [20097 20120 20212 20182 17098 17095 20153 20258 17035 20037];

% minor layer at L5

gc.gc25 = [20105 20104 20186 20237 20067 25006 17176 17132 20045 20036 26031];

% 26167 26134

% trimodal

gc.gc58 = [20063 20072 20200 17012 17038 26061 26045 26092 20046 26119];

% ooDSgc.gc outliers: 20239 (could be onDSGC 7o) / 20210 (too few on stuff)

gc.gc37 = [90002 90001 25005 20254 20245 20239 20233 20220 20213 20210 ...
                                            20179 20137 20125 20096 17161 17080 20016 20014 20002 26101 26056 26084 ...
                                            26032 26036 26137 26138 26178 26103 26094 26029 26162 26047 26115 ...
                                            26158 26165];

% % red

% gc.gc37 = [17080 90001 20213 20220 25005 26103];  

% % green

% gc.gc37 = [20014 20125 90002 26094 26029 26162];

% % purple

% gc.gc37 = [20002 20179 20239 20210 20245 20254 26047 26101];

% % yellow

% gc.gc37 = [20016 20096 20233 17161 20137 26115 26158];

% unknown

% 26056 26084 26032 26036 26137 26138 26165 26178

% 26130 purple cell by kevin. turns out to be onDSGC (7o). 20239 suspicious

% oodsgc-like. bistratified tall, tri-stratified

gc.gc63 = [20181 17140 20208 20178 17097 17114 17084 20140 20129 30003 20071 30002 20019 20011 20005 26057];

% irregular bilayer

gc.gc72n = [20100 20187 20150 20043 26059 26073 26132];

% regular bilayer, layers further

gc.gc72w = [20166 20221 17069 20074 26124];

% regular bilayer. more at off layer

gc.gc27 = [20117 17212 26051 26065];

% regular bilayer even wider

gc.gc81 = [20158 26097];

% regular bilayer 

gc.gc82w = [20118 26091];

% irregular bilayer on-dsgc style

gc.gc82o = [20069 20080 26072 26052];

% regular bilayer on-dsgc style

gc.gc82i = [20251 30001 26067 20161 26076 26058 26080 26090];

% irregular bilayer 

gc.gc83 = [17009 20197];

% diffuse bilayer more at off layer

gc.gc28 = [20243 20155 20163 20257 26005 20167 26033];

% regular bilayer

gc.gc91n = [20218 25003 20042 26088];

% regular bilayer on-dsgc style

gc.gc91w = [20081 20020];

% weirdo

gc.gcweirdos = [17134 20248 26069 26093];

% cutoff

gc.gccutoff = [10015 17051 17238 26081 26153 26135 26114];

% 10015: mini-j?

% 17238: midi-j?

% 17051: midi-j?

% 26081: 85? 

% 26135 26114 : 91n/w?
end
